free_thresh: 0.196
image: bandl_linda.pgm
negate: 0
occupied_thresh: 0.65
origin: [-29.450000000000003, -6.699999999999989, 0.0]
resolution: 0.05
